6	2.720000E-14	45.1000	1.70000E+14
7	1.270000E-13	212.000	5.82000E+15
8	6.930000E-13	1150.00	1.90000E+17
1	6.295000E-12	10440.0	9.74400E+18
2	1.581000E-11	26220.0	4.96800E+19
3	3.972000E-11	65870.0	2.43100E+20
4	9.976000E-11	165400	1.15100E+21
5	2.506000E-10	415600	5.26600E+21
6	6.294000E-10	1.04400E+06	2.31800E+22
7	1.581000E-09	2.62200E+06	9.75500E+22
8	3.972000E-09	6.58800E+06	3.91100E+23
9	5.000000E-09	8.29300E+06	5.25900E+23
10	9.976000E-09	1.65500E+07	1.43500E+24
11	1.990000E-08	3.30200E+07	3.83300E+24
1	3.973000E-08	6.59200E+07	1.00600E+25
2	7.926000E-08	1.31500E+08	2.60400E+25
3	1.581000E-07	2.62500E+08	6.67600E+25
4	1.991000E-07	3.30500E+08	8.73800E+25
5	3.156000E-07	5.23900E+08	1.62900E+26
6	5.001000E-07	8.30300E+08	3.02900E+26
7	6.296000E-07	1.04600E+09	4.12900E+26
8	9.667000E-07	1.60600E+09	6.86000E+26
9	1.532000E-06	2.54500E+09	1.27200E+27
10	2.507000E-06	4.16600E+09	2.35600E+27
11	3.974000E-06	6.60600E+09	4.36200E+27
12	4.830000E-06	8.03100E+09	5.66200E+27
13	6.081000E-06	1.01100E+10	7.70200E+27
14	7.930000E-06	1.31900E+10	1.04800E+28
15	9.982000E-06	1.66100E+10	1.42500E+28
16	1.257000E-05	2.09100E+10	1.93800E+28
17	1.522000E-05	2.53300E+10	2.50300E+28
18	1.991000E-05	3.31500E+10	3.40400E+28
19	2.507000E-05	4.17400E+10	4.62800E+28
44	2.791000E-05	4.65200E+10	5.36700E+28
45	3.807000E-05	6.34700E+10	7.91300E+28
46	5.063000E-05	8.44400E+10	1.12700E+29
47	6.592000E-05	1.10000E+11	1.56100E+29
48	8.433000E-05	1.40800E+11	2.10900E+29
49	1.062000E-04	1.77400E+11	2.79000E+29
50	1.321000E-04	2.20700E+11	3.62500E+29
51	1.624000E-04	2.71400E+11	4.63500E+29
52	1.690000E-04	2.82500E+11	4.85900E+29
53	1.759000E-04	2.94000E+11	5.09300E+29
54	1.830000E-04	3.05800E+11	5.33400E+29
55	1.902000E-04	3.18000E+11	5.58400E+29
56	1.977000E-04	3.30500E+11	5.84300E+29
57	2.054000E-04	3.43400E+11	6.10900E+29
58	2.079000E-04	3.47600E+11	6.19700E+29
59	2.082000E-04	3.48100E+11	6.20800E+29
60	2.091000E-04	3.49500E+11	6.21500E+29
61	2.160000E-04	3.61200E+11	6.35700E+29
62	2.231000E-04	3.73000E+11	6.46800E+29
63	2.311000E-04	3.86500E+11	6.58100E+29
64	2.401000E-04	4.01600E+11	6.70000E+29
65	2.500000E-04	4.18000E+11	6.82300E+29
1	2.643000E-04	4.42000E+11	6.99500E+29
2	3.053000E-04	5.10800E+11	7.46800E+29
3	3.533000E-04	5.91200E+11	8.01500E+29
4	4.076000E-04	6.82200E+11	8.64400E+29
5	4.680000E-04	7.83400E+11	9.36700E+29
6	5.341000E-04	8.94300E+11	1.01900E+30
300	7.083860E-04	1.17215E+12	1.11047E+30
301	7.721470E-04	1.27732E+12	1.16995E+30
302	8.626408E-04	1.42653E+12	1.30747E+30
303	9.637403E-04	1.59318E+12	1.45912E+30
304	1.145038E-03	1.89189E+12	1.76496E+30
305	1.343817E-03	2.21924E+12	2.11440E+30
306	1.577103E-03	2.60322E+12	2.57384E+30
307	1.761935E-03	2.90733E+12	2.95842E+30
308	2.172201E-03	3.58201E+12	3.84401E+30
309	2.580834E-03	4.25361E+12	4.83724E+30
310	3.181779E-03	5.24071E+12	6.39456E+30
311	3.598736E-03	5.92526E+12	7.53559E+30
312	4.660688E-03	7.66769E+12	1.07303E+31
313	5.469782E-03	8.99440E+12	1.35123E+31
314	7.083860E-03	1.16394E+13	1.92365E+31
315	8.950968E-03	1.46967E+13	2.62781E+31
316	1.173600E-02	1.92535E+13	3.77103E+31
317	1.501309E-02	2.46112E+13	5.23673E+31
318	1.850887E-02	3.03225E+13	6.86450E+31
319	2.338730E-02	3.82873E+13	9.29778E+31
320	2.919040E-02	4.77553E+13	1.24947E+32
321	3.643343E-02	5.95645E+13	1.70779E+32
322	4.275826E-02	6.98707E+13	2.13187E+32
323	5.271449E-02	8.60850E+13	2.86519E+32
324	5.889115E-02	9.61392E+13	3.51191E+32
325	6.579305E-02	1.07370E+14	4.54453E+32
10000	6.997131E-02	1.14167E+14	5.24168E+32
10001	7.460255E-02	1.26703E+14	5.24168E+32
1	1.000000E-01	1.69400E+14	9.91500E+32
2	1.500000E-01	2.55000E+14	2.98300E+33
3	2.000000E-01	3.41700E+14	6.95900E+33
4	2.500000E-01	4.29800E+14	1.36700E+34
5	3.000000E-01	5.19800E+14	2.37600E+34
6	3.500000E-01	6.12000E+14	3.78300E+34
7	4.000000E-01	7.06800E+14	5.64500E+34
8	4.500000E-01	8.04600E+14	8.01600E+34
9	5.000000E-01	9.05600E+14	1.09500E+35
10	5.500000E-01	1.01000E+15	1.44900E+35
11	6.000000E-01	1.11900E+15	1.86900E+35
12	6.500000E-01	1.23100E+15	2.36000E+35
13	7.000000E-01	1.34900E+15	2.92500E+35
14	7.500000E-01	1.47100E+15	3.57000E+35
15	8.000000E-01	1.59800E+15	4.29800E+35
16	8.500000E-01	1.73000E+15	5.11300E+35
17	9.000000E-01	1.86800E+15	6.01800E+35
18	9.500000E-01	2.01200E+15	7.01800E+35
19	1.000000E+00	2.16200E+15	8.11400E+35
20	1.050000E+00	2.31900E+15	9.31000E+35
21	1.100000E+00	2.48200E+15	1.06100E+36
22	1.150000E+00	2.65200E+15	1.20100E+36
23	1.200000E+00	2.82900E+15	1.35200E+36
24	1.250000E+00	3.01300E+15	1.51400E+36
25	1.300000E+00	3.20500E+15	1.68800E+36
26	1.350000E+00	3.40400E+15	1.87200E+36
27	1.400000E+00	3.61100E+15	2.06800E+36
28	1.450000E+00	3.82600E+15	2.27500E+36
29	1.500000E+00	4.05000E+15	2.49500E+36
30	1.550000E+00	4.28200E+15	2.72600E+36
1480	1.557000E+00	4.31500E+15	2.75900E+36
1490	1.567000E+00	4.36200E+15	2.80700E+36
1500	1.577000E+00	4.41000E+15	2.85600E+36
1510	1.587000E+00	4.45800E+15	2.90500E+36
1520	1.597000E+00	4.50700E+15	2.95400E+36
1530	1.607000E+00	4.55600E+15	3.00400E+36
1540	1.617000E+00	4.60500E+15	3.05400E+36
1550	1.627000E+00	4.65500E+15	3.10500E+36
1560	1.637000E+00	4.70500E+15	3.15700E+36
1570	1.647000E+00	4.75600E+15	3.20900E+36
1580	1.657000E+00	4.80600E+15	3.26100E+36
1590	1.667000E+00	4.85700E+15	3.31400E+36
1600	1.677000E+00	4.90900E+15	3.36700E+36
1610	1.687000E+00	4.96100E+15	3.42100E+36
1620	1.697000E+00	5.01300E+15	3.47500E+36
1630	1.707000E+00	5.06500E+15	3.53000E+36
1640	1.717000E+00	5.11800E+15	3.58600E+36
1650	1.727000E+00	5.17100E+15	3.64200E+36
1660	1.737000E+00	5.22500E+15	3.69800E+36
1670	1.747000E+00	5.27900E+15	3.75500E+36
1680	1.757000E+00	5.33300E+15	3.81200E+36
1690	1.767000E+00	5.38800E+15	3.87000E+36
1700	1.777000E+00	5.44300E+15	3.92800E+36
1710	1.787000E+00	5.49800E+15	3.98700E+36
1720	1.797000E+00	5.55400E+15	4.04700E+36
1730	1.807000E+00	5.61000E+15	4.10700E+36
1740	1.817000E+00	5.66700E+15	4.16700E+36
1750	1.827000E+00	5.72400E+15	4.22800E+36
1760	1.837000E+00	5.78100E+15	4.29000E+36
1770	1.847000E+00	5.83800E+15	4.35100E+36
1780	1.857000E+00	5.89600E+15	4.41400E+36
1790	1.867000E+00	5.95500E+15	4.47700E+36
1800	1.877000E+00	6.01400E+15	4.54100E+36
1810	1.887000E+00	6.07300E+15	4.60500E+36
1820	1.897000E+00	6.13200E+15	4.66900E+36
1830	1.907000E+00	6.19200E+15	4.73400E+36
1840	1.917000E+00	6.25300E+15	4.80000E+36
1850	1.927000E+00	6.31300E+15	4.86600E+36
1860	1.937000E+00	6.37400E+15	4.93300E+36
1870	1.947000E+00	6.43600E+15	5.00000E+36
1880	1.957000E+00	6.49800E+15	5.06800E+36
1890	1.967000E+00	6.56000E+15	5.13600E+36
1900	1.977000E+00	6.62200E+15	5.20500E+36
1910	1.987000E+00	6.68500E+15	5.27400E+36
1920	1.997000E+00	6.74900E+15	5.34400E+36