1	1	13.15394	3.02247E14
2	1	41.59641	1.92722E15
3	1	131.5394	1.22885E16
4	1	415.96419	7.83553E16
5	1	1315.39472	4.99617E17
6	1	4159.64626	3.18571E18
7	1	13153.97515	2.0313E19
8	1	41596.64101	1.29522E20
9	1	131540.88899	8.25871E20
10	1	415973.66311	5.266E21
11	1	1.04486E6	2.318E22
12	1	2.62472E6	9.755E22
13	1	6.59342E6	3.911E23
14	1	8.30009E6	5.259E23
15	1	1.65594E7	1.435E24
16	1	3.30492E7	3.833E24
17	1	6.59613E7	1.006E25
18	1	1.31608E8	2.604E25
19	1	2.62626E8	6.676E25
20	1	3.30641E8	8.738E25
21	1	5.24197E8	1.629E26
22	1	8.30774E8	3.029E26
23	1	1.04612E9	4.129E26
24	1	1.21284E9	5.036E26
25	1	1.60569E9	6.86E26
26	1	2.54564E9	1.272E27
27	1	4.1672E9	2.356E27
28	1	6.60708E9	4.362E27
29	1	8.03213E9	5.662E27
30	1	1.01141E10	7.702E27
31	1	1.3194E10	1.048E28
32	1	1.66113E10	1.425E28
33	1	2.09181E10	1.938E28
34	1	2.53421E10	2.503E28
35	1	3.31638E10	3.404E28
36	1	4.17589E10	4.628E28
37	1	5.04171E10	5.949E28
38	1	6.623E10	8.089E28
39	1	8.34184E10	1.1E29
40	1	1.02645E11	1.45E29
41	1	1.09234E11	1.495E29
42	1	1.41668E11	2.033E29
43	1	1.70264E11	2.597E29
44	1	1.84594E11	2.892E29
45	1	2.09807E11	3.29E29
46	1	2.73232E11	4.473E29
47	1	3.32806E11	5.816E29
48	1	4.19181E11	7.538E29
49	1	4.30289E11	7.805E29
50	1	4.33805E11	7.89E29
51	1	4.52756E11	8.352E29
52	1	4.82817E11	9.098E29
53	1	4.98407E11	9.491E29
54	1	5.11765E11	9.831E29
55	1	5.72079E11	1.083E30
56	1	2.11612E12	2.1547E30
57	1	3.17955E12	3.4272E30
58	1	4.48689E12	5.2679E30
59	1	6.05675E12	7.7976E30
60	1	7.91328E12	1.1147E31
61	1	1.26053E13	2.0894E31
62	1	1.88431E13	3.5841E31
63	1	2.69459E13	5.7611E31
64	1	3.72058E13	8.8117E31
65	1	4.97256E13	1.2947E32
66	1	7.20879E13	2.162E32
67	1	1.05194E14	3.8475E32
68	1	1.2384E14	5.0462E32
69	1	1.28575E14	5.3711E32
70	1	1.43961E14	7.1867E32
71	1	1.52479E14	8.0225E32
72	1	1.61003E14	8.9331E32
73	1	1.69532E14	9.9253E32
74	1	1.78066E14	1.1005E33
75	1	1.86607E14	1.2178E33
76	1	1.95154E14	1.3452E33
77	1	2.03707E14	1.4832E33
78	1	2.12267E14	1.6325E33
79	1	2.20834E14	1.7937E33
80	1	2.29408E14	1.9674E33
81	1	2.3799E14	2.1544E33
82	1	2.46579E14	2.3552E33
83	1	2.55176E14	2.5704E33
84	1	2.63781E14	2.8008E33
85	1	2.72395E14	3.0468E33
86	1	2.81018E14	3.309E33
87	1	2.8965E14	3.5884E33
88	1	2.98291E14	3.8853E33
89	1	3.06942E14	4.2005E33
90	1	3.15603E14	4.5346E33
91	1	3.24275E14	4.8882E33
92	1	3.32957E14	5.2618E33
93	1	3.4165E14	5.6563E33
94	1	3.50354E14	6.0721E33
95	1	3.5907E14	6.5101E33
96	1	3.67798E14	6.9705E33
97	1	3.76538E14	7.4544E33
98	1	3.8529E14	7.9621E33
99	1	3.94055E14	8.4945E33
100	1	4.02834E14	9.052E33
101	1	4.11626E14	9.6355E33
102	1	4.20432E14	1.0245E34
103	1	4.29252E14	1.0882E34
104	1	4.46935E14	1.2225E34
105	1	4.64679E14	1.3695E34
106	1	4.82486E14	1.5301E34
107	1	5.0036E14	1.705E34
108	1	5.18303E14	1.8965E34
109	1	5.36321E14	2.104E34
110	1	5.54417E14	2.3303E34
111	1	5.72594E14	2.5741E34
112	1	5.90857E14	2.8369E34
113	1	6.09209E14	3.1219E34
114	1	6.27655E14	3.4274E34
115	1	6.46199E14	3.7566E34
116	1	6.64845E14	4.1097E34
117	1	6.83599E14	4.4865E34
118	1	7.02463E14	4.8885E34
119	1	7.21443E14	5.3176E34
120	1	7.40543E14	5.7752E34
121	1	7.59768E14	6.2596E34
122	1	7.79122E14	6.7725E34
123	1	7.9861E14	7.317E34
124	1	8.18236E14	7.8917E34
125	1	8.38005E14	8.4997E34
126	1	8.57921E14	9.1393E34
127	1	8.7799E14	9.8135E34
128	1	8.98216E14	1.0521E35
129	1	9.18603E14	1.1265E35
130	1	9.39156E14	1.2046E35
131	1	9.59881E14	1.2863E35
132	1	9.80781E14	1.3719E35
133	1	1.02313E15	1.5549E35
134	1	1.06623E15	1.7541E35
135	1	1.11013E15	1.971E35
136	1	1.15487E15	2.2052E35
137	1	1.20048E15	2.4585E35
138	1	1.24701E15	2.7309E35
139	1	1.29449E15	3.0221E35
140	1	1.34295E15	3.3357E35
141	1	1.39245E15	3.6696E35
142	1	1.44301E15	4.0258E35
143	1	1.49467E15	4.4041E35
144	1	1.54748E15	4.8063E35
145	1	1.60147E15	5.2337E35
146	1	1.65668E15	5.6849E35
147	1	1.71315E15	6.1615E35
148	1	1.77091E15	6.6633E35
149	1	1.83001E15	7.192E35
150	1	1.89048E15	7.7492E35
151	1	1.95236E15	8.3334E35
152	1	2.01569E15	8.946E35
153	1	2.08051E15	9.5888E35
154	1	2.14685E15	1.0262E36
155	1	2.21475E15	1.0965E36
156	1	2.28425E15	1.1697E36
157	1	2.35538E15	1.2464E36
158	1	2.42819E15	1.3262E36
159	1	2.5027E15	1.4093E36
160	1	2.57897E15	1.4957E36
161	1	2.65702E15	1.5863E36
162	1	2.73689E15	1.6781E36
163	1	2.8186E15	1.7762E36
164	1	2.90222E15	1.8759E36
165	1	2.98776E15	1.9805E36
166	1	3.07527E15	2.0881E36
167	1	3.16479E15	2.2005E36
168	1	3.25633E15	2.3144E36
169	1	3.34995E15	2.4349E36
170	1	3.44568E15	2.5582E36
171	1	3.54355E15	2.685E36
172	1	3.64361E15	2.8164E36