6	2.72E-14	45.1	1.7E14
7	1.27E-13	212	5.82E15
8	6.93E-13	1150	1.9E17
1	6.295E-12	10440	9.744E18
2	1.581E-11	26220	4.968E19
3	3.972E-11	65870	2.431E20
4	9.976E-11	165400	1.151E21
5	2.506E-10	415600	5.266E21
6	6.294E-10	1.044E6	2.318E22
7	1.581E-9	2.622E6	9.755E22
8	3.972E-9	6.588E6	3.911E23
9	5E-9	8.293E6	5.259E23
10	9.976E-9	1.655E7	1.435E24
11	1.99E-8	3.302E7	3.833E24
1	3.973E-8	6.592E7	1.006E25
2	7.926E-8	1.315E8	2.604E25
3	1.581E-7	2.625E8	6.676E25
4	1.991E-7	3.305E8	8.738E25
5	3.156E-7	5.239E8	1.629E26
6	5.001E-7	8.303E8	3.029E26
7	6.296E-7	1.046E9	4.129E26
8	9.667E-7	1.606E9	6.86E26
9	1.532E-6	2.545E9	1.272E27
10	2.507E-6	4.166E9	2.356E27
11	3.974E-6	6.606E9	4.362E27
12	4.83E-6	8.031E9	5.662E27
13	6.081E-6	1.011E10	7.702E27
14	7.93E-6	1.319E10	1.048E28
15	9.982E-6	1.661E10	1.425E28
16	1.257E-5	2.091E10	1.938E28
17	1.522E-5	2.533E10	2.503E28
18	1.991E-5	3.315E10	3.404E28
19	2.507E-5	4.174E10	4.628E28
44	2.791E-5	4.652E10	5.367E28
45	3.807E-5	6.347E10	7.913E28
46	5.063E-5	8.444E10	1.127E29
47	6.592E-5	1.1E11	1.561E29
48	8.433E-5	1.408E11	2.109E29
49	1.062E-4	1.774E11	2.79E29
50	1.321E-4	2.207E11	3.625E29
51	1.624E-4	2.714E11	4.635E29
52	1.69E-4	2.825E11	4.859E29
53	1.759E-4	2.94E11	5.093E29
54	1.83E-4	3.058E11	5.334E29
55	1.902E-4	3.18E11	5.584E29
56	1.977E-4	3.305E11	5.843E29
57	2.054E-4	3.434E11	6.109E29
58	2.079E-4	3.476E11	6.197E29
59	2.082E-4	3.481E11	6.208E29
60	2.091E-4	3.495E11	6.215E29
61	2.16E-4	3.612E11	6.357E29
62	2.231E-4	3.73E11	6.468E29
63	2.311E-4	3.865E11	6.581E29
64	2.401E-4	4.016E11	6.7E29
65	2.5E-4	4.18E11	6.823E29
1	2.643E-4	4.42E11	6.995E29
2	3.053E-4	5.108E11	7.468E29
3	3.533E-4	5.912E11	8.015E29
4	4.076E-4	6.822E11	8.644E29
5	4.68E-4	7.834E11	9.367E29
6	5.341E-4	8.943E11	1.019E30
7	6.059E-4	1.015E12	1.113E30
8	7.661E-4	1.283E12	1.337E30
9	0.00126	2.114E12	2.155E30
10	0.0019	3.177E12	3.427E30
11	0.00267	4.483E12	5.268E30
12	0.00361	6.051E12	7.798E30
12	0.00471	7.906E12	1.115E31
13	0.0075	1.259E13	2.089E31
14	0.0112	1.882E13	3.584E31
15	0.016	2.692E13	5.761E31
16	0.02207	3.717E13	8.812E31
17	0.02948	4.968E13	1.295E32
18	0.04268	7.202E13	2.162E32
10000	0.0622	1.051E14	3.847E32
10001	0.07317	1.08044E14	3.847E32
201	0.07596	1.11404E14	4.03552E32
202	0.1	1.13894E14	4.23156E32
203	0.15	1.17436E14	4.50817E32
204	0.2	1.2006E14	4.72825E32
205	0.25	1.23453E14	4.95907E32
206	0.3	1.26911E14	5.36785E32
207	0.35	1.30497E14	5.62859E32
208	0.4	1.33783E14	5.99791E32
209	0.45	1.37943E14	6.38999E32
210	0.5	1.42626E14	6.80769E32
211	0.55	1.46622E14	7.25437E32
212	0.6	1.50765E14	7.85236E32
213	0.65	1.55848E14	8.36566E32
214	0.7	1.59809E14	8.91456E32
215	0.75	1.6338E14	9.3476E32
216	0.8	1.68461E14	1.01205E33
217	0.85	1.72227E14	1.0782E33
218	0.9	1.76604E14	1.13084E33
219	0.95	1.81552E14	1.24366E33
220	1	1.86166E14	1.30407E33
221	1.05	1.90327E14	1.38963E33
222	1.1	1.94626E14	1.50418E33
223	1.15	1.98427E14	1.55239E33
224	1.2	2.02302E14	1.65425E33
225	1.25	2.08593E14	1.79061E33
226	1.3	2.14437E14	1.93821E33
227	1.35	2.1928E14	2.06538E33
228	1.4	2.24802E14	2.23563E33
229	1.45	2.30515E14	2.30781E33
230	1.5	2.36974E14	2.53805E33
231	1.55	2.42996E14	2.70396E33
232	1.557	2.49115E14	2.92685E33
233	1.567	2.55447E14	3.06973E33
234	1.577	2.61879E14	3.32277E33
235	1.587	2.68534E14	3.54079E33
236	1.597	2.76058E14	3.77225E33
237	1.607	2.82293E14	4.08319E33
238	1.617	2.89401E14	4.35111E33
239	1.627	2.95053E14	4.70977E33
240	1.637	3.03389E14	5.17965E33
241	1.647	3.11028E14	5.51823E33
242	1.657	3.18933E14	5.88031E33
243	1.667	3.26062E14	6.36502E33
244	1.677	3.35274E14	6.67421E33
245	1.687	3.42768E14	7.11214E33
246	1.697	3.55386E14	8.07421E33
247	1.707	3.68468E14	9.01986E33
248	1.717	3.77746E14	9.76562E33
249	1.727	3.88419E14	1.0404E34
250	1.737	3.971E14	1.10866E34
251	1.747	4.08319E14	1.21927E34
252	1.757	4.17446E14	1.29897E34
253	1.767	4.27957E14	1.38388E34
254	1.777	4.38834E14	1.4983E34
255	1.787	4.49883E14	1.59625E34
256	1.797	4.61318E14	1.70059E34
257	1.807	4.72933E14	1.81217E34
258	1.817	4.84953E14	1.93063E34
259	1.827	4.9854E14	2.15725E34
260	1.837	5.06991E14	2.33507E34
261	1.847	5.21195E14	2.48828E34
262	1.857	5.37403E14	2.65094E34
263	1.867	5.43375E14	2.82423E34
264	1.877	5.57057E14	2.9621E34
265	1.887	5.72796E14	3.25762E34
266	1.897	5.85599E14	3.52614E34
267	1.907	6.13903E14	4.06724E34
268	1.917	6.50729E14	4.47301E34
269	1.927	6.82182E14	5.32476E34
270	1.937	7.21107E14	6.14186E34
271	1.947	7.53876E14	6.97268E34
272	1.957	8.14892E14	8.43335E34
273	1.967	8.56643E14	9.57414E34
274	1.977	9.00326E14	1.12176E35
275	1.987	9.67832E14	1.33537E35
276	1.997	9.9793E14	1.40055E35
277	2	1.00069E15	1.44577E35