1	7.92406E-15	13.15394	3.02247E14
2	2.50581E-14	41.59641	1.92722E15
3	7.92406E-14	131.5394	1.22885E16
4	2.50581E-13	415.96419	7.83553E16
5	7.92406E-13	1315.39472	4.99617E17
6	2.50581E-12	4159.64626	3.18571E18
7	7.92406E-12	13153.97515	2.0313E19
8	2.50581E-11	41596.64101	1.29522E20
9	7.92406E-11	131540.88899	8.25871E20
1	2.50581E-10	415973.66311	5.266E21
2	6.2941E-10	1.04486E6	2.318E22
3	1.58105E-9	2.62472E6	9.755E22
4	3.97147E-9	6.59342E6	3.911E23
5	4.99938E-9	8.30009E6	5.259E23
6	9.97366E-9	1.65594E7	1.435E24
7	1.99038E-8	3.30492E7	3.833E24
8	3.9721E-8	6.59613E7	1.006E25
9	7.92419E-8	1.31608E8	2.604E25
10	1.58101E-7	2.62626E8	6.676E25
11	1.99033E-7	3.30641E8	8.738E25
12	3.155E-7	5.24197E8	1.629E26
13	4.99934E-7	8.30774E8	3.029E26
14	6.29459E-7	1.04612E9	4.129E26
15	7.29727E-7	1.21284E9	5.036E26
16	9.65971E-7	1.60569E9	6.86E26
17	1.53107E-6	2.54564E9	1.272E27
18	2.50563E-6	4.1672E9	2.356E27
19	3.97141E-6	6.60708E9	4.362E27
20	4.82727E-6	8.03213E9	5.662E27
21	6.07736E-6	1.01141E10	7.702E27
22	7.92625E-6	1.3194E10	1.048E28
23	9.97704E-6	1.66113E10	1.425E28
24	1.25609E-5	2.09181E10	1.938E28
25	1.52144E-5	2.53421E10	2.503E28
26	1.99042E-5	3.31638E10	3.404E28
27	2.50559E-5	4.17589E10	4.628E28
28	3.02437E-5	5.04171E10	5.949E28
29	3.97149E-5	6.623E10	8.089E28
30	5.00057E-5	8.34184E10	1.1E29
31	6.15116E-5	1.02645E11	1.45E29
32	6.5454E-5	1.09234E11	1.495E29
33	8.48543E-5	1.41668E11	2.033E29
34	1.01952E-4	1.70264E11	2.597E29
35	1.10517E-4	1.84594E11	2.892E29
36	1.25584E-4	2.09807E11	3.29E29
37	1.63472E-4	2.73232E11	4.473E29
400	2.5311E-4	4.24489E11	4.95354E29
401	2.6296E-4	4.41029E11	5.03228E29
402	2.76688E-4	4.64082E11	5.17157E29
403	2.91132E-4	4.8834E11	5.32852E29
404	3.0633E-4	5.13865E11	5.48201E29
405	3.18244E-4	5.33873E11	5.53604E29
406	3.39149E-4	5.68983E11	5.77342E29
407	3.56854E-4	5.98721E11	5.90835E29
408	3.80286E-4	6.38079E11	6.1368E29
409	4.05257E-4	6.80023E11	6.35947E29
410	4.37401E-4	7.34019E11	6.72529E29
411	4.72096E-4	7.92302E11	7.09655E29
412	5.09542E-4	8.55211E11	7.47017E29
413	5.57006E-4	9.34955E11	8.03092E29
414	6.08878E-4	1.02211E12	8.61403E29
415	6.74109E-4	1.13172E12	9.44431E29
416	7.46328E-4	1.25308E12	1.0334E30
417	8.36855E-4	1.40522E12	1.1569E30
418	9.38383E-4	1.57587E12	1.30396E30
419	0.00105	1.7672E12	1.48072E30
420	0.00119	2.00719E12	1.70905E30
421	0.00134	2.2509E12	1.95556E30
422	0.00152	2.55659E12	2.27517E30
423	0.00171	2.86702E12	2.60161E30
424	0.00194	3.25639E12	3.08201E30
425	0.0022	3.69867E12	3.61718E30
426	0.0025	4.20105E12	4.2851E30
427	0.00284	4.77168E12	5.07637E30
428	0.00322	5.41986E12	6.01374E30
429	0.00366	6.15614E12	7.19111E30
430	0.00416	6.99233E12	8.51872E30
431	0.00466	7.84189E12	1.00147E31
432	0.00564	9.49321E12	1.30319E31
433	0.00674	1.13471E13	1.65211E31
434	0.00795	1.33914E13	2.07805E31
435	0.00903	1.52115E13	2.46179E31
436	0.01026	1.72792E13	2.94282E31
437	0.0115	1.93794E13	3.42762E31
438	0.01306	2.20141E13	4.06057E31
439	0.01465	2.46908E13	4.77216E31
440	0.01663	2.80477E13	5.65323E31
441	0.01889	3.18621E13	6.75685E31
442	0.02145	3.61957E13	8.00461E31
443	0.02436	4.11194E13	9.56656E31
444	0.02732	4.61211E13	1.13377E32
445	0.03102	5.23968E13	1.36627E32
446	0.03479	5.87738E13	1.63182E32
447	0.03901	6.5927E13	1.96343E32
448	0.04374	7.39528E13	2.37831E32
449	0.04843	8.19066E13	2.84925E32
450	0.05294	8.95683E13	3.34968E32
451	0.05787	9.79474E13	4.01048E32
10000	0.06326	1.07115E14	4.90424E32
10001	0.069	1.1587E14	4.90422E32
78	0.085	1.43961E14	7.1867E32
78	0.09	1.52479E14	8.0225E32
79	0.095	1.61003E14	8.9331E32
80	0.1	1.69532E14	9.9253E32
81	0.105	1.78066E14	1.1005E33
82	0.11	1.86607E14	1.2178E33
83	0.115	1.95154E14	1.3452E33
84	0.12	2.03707E14	1.4832E33
85	0.125	2.12267E14	1.6325E33
86	0.13	2.20834E14	1.7937E33
87	0.135	2.29408E14	1.9674E33
88	0.14	2.3799E14	2.1544E33
89	0.145	2.46579E14	2.3552E33
90	0.15	2.55176E14	2.5704E33
91	0.155	2.63781E14	2.8008E33
92	0.16	2.72395E14	3.0468E33
93	0.165	2.81018E14	3.309E33
94	0.17	2.8965E14	3.5884E33
95	0.175	2.98291E14	3.8853E33
96	0.18	3.06942E14	4.2005E33
97	0.185	3.15603E14	4.5346E33
98	0.19	3.24275E14	4.8882E33
99	0.195	3.32957E14	5.2618E33
100	0.2	3.4165E14	5.6563E33
101	0.205	3.50354E14	6.0721E33
102	0.21	3.5907E14	6.5101E33
103	0.215	3.67798E14	6.9705E33
104	0.22	3.76538E14	7.4544E33
105	0.225	3.8529E14	7.9621E33
106	0.23	3.94055E14	8.4945E33
107	0.235	4.02834E14	9.052E33
108	0.24	4.11626E14	9.6355E33
109	0.245	4.20432E14	1.0245E34
110	0.25	4.29252E14	1.0882E34
111	0.26	4.46935E14	1.2225E34
112	0.27	4.64679E14	1.3695E34
113	0.28	4.82486E14	1.5301E34
114	0.29	5.0036E14	1.705E34
115	0.3	5.18303E14	1.8965E34
116	0.31	5.36321E14	2.104E34
117	0.32	5.54417E14	2.3303E34
118	0.33	5.72594E14	2.5741E34
119	0.34	5.90857E14	2.8369E34
120	0.35	6.09209E14	3.1219E34
121	0.36	6.27655E14	3.4274E34
122	0.37	6.46199E14	3.7566E34
123	0.38	6.64845E14	4.1097E34
124	0.39	6.83599E14	4.4865E34
125	0.4	7.02463E14	4.8885E34
126	0.41	7.21443E14	5.3176E34
127	0.42	7.40543E14	5.7752E34
128	0.43	7.59768E14	6.2596E34
129	0.44	7.79122E14	6.7725E34
130	0.45	7.9861E14	7.317E34
131	0.46	8.18236E14	7.8917E34
132	0.47	8.38005E14	8.4997E34
133	0.48	8.57921E14	9.1393E34
134	0.49	8.7799E14	9.8135E34
135	0.5	8.98216E14	1.0521E35
136	0.51	9.18603E14	1.1265E35
137	0.52	9.39156E14	1.2046E35
138	0.53	9.59881E14	1.2863E35
139	0.54	9.80781E14	1.3719E35
140	0.56	1.02313E15	1.5549E35
141	0.58	1.06623E15	1.7541E35
142	0.6	1.11013E15	1.971E35
143	0.62	1.15487E15	2.2052E35
144	0.64	1.20048E15	2.4585E35
145	0.66	1.24701E15	2.7309E35
146	0.68	1.29449E15	3.0221E35
147	0.7	1.34295E15	3.3357E35
148	0.72	1.39245E15	3.6696E35
149	0.74	1.44301E15	4.0258E35
150	0.76	1.49467E15	4.4041E35
151	0.78	1.54748E15	4.8063E35
152	0.8	1.60147E15	5.2337E35
153	0.82	1.65668E15	5.6849E35
154	0.84	1.71315E15	6.1615E35
155	0.86	1.77091E15	6.6633E35
156	0.88	1.83001E15	7.192E35
157	0.9	1.89048E15	7.7492E35
158	0.92	1.95236E15	8.3334E35
159	0.94	2.01569E15	8.946E35
160	0.96	2.08051E15	9.5888E35
161	0.98	2.14685E15	1.0262E36
162	1	2.21475E15	1.0965E36
163	1.02	2.28425E15	1.1697E36
164	1.04	2.35538E15	1.2464E36
165	1.06	2.42819E15	1.3262E36
166	1.08	2.5027E15	1.4093E36
167	1.1	2.57897E15	1.4957E36
168	1.12	2.65702E15	1.5863E36
169	1.14	2.73689E15	1.6781E36
170	1.16	2.8186E15	1.7762E36
171	1.18	2.90222E15	1.8759E36
172	1.2	2.98776E15	1.9805E36
173	1.22	3.07527E15	2.0881E36
174	1.24	3.16479E15	2.2005E36
175	1.26	3.25633E15	2.3144E36
176	1.28	3.34995E15	2.4349E36
177	1.3	3.44568E15	2.5582E36
178	1.32	3.54355E15	2.685E36
179	1.34	3.64361E15	2.8164E36