6	2.72E-14	45.1	1.7E14
7	1.27E-13	212	5.82E15
8	6.93E-13	1150	1.9E17
1	6.295E-12	10440	9.744E18
2	1.581E-11	26220	4.968E19
3	3.972E-11	65870	2.431E20
4	9.976E-11	165400	1.151E21
5	2.506E-10	415600	5.266E21
6	6.294E-10	1.044E6	2.318E22
7	1.581E-9	2.622E6	9.755E22
8	3.972E-9	6.588E6	3.911E23
9	5E-9	8.293E6	5.259E23
10	9.976E-9	1.655E7	1.435E24
11	1.99E-8	3.302E7	3.833E24
1	3.973E-8	6.592E7	1.006E25
2	7.926E-8	1.315E8	2.604E25
3	1.581E-7	2.625E8	6.676E25
4	1.991E-7	3.305E8	8.738E25
5	3.156E-7	5.239E8	1.629E26
6	5.001E-7	8.303E8	3.029E26
7	6.296E-7	1.046E9	4.129E26
8	9.667E-7	1.606E9	6.86E26
9	1.532E-6	2.545E9	1.272E27
10	2.507E-6	4.166E9	2.356E27
11	3.974E-6	6.606E9	4.362E27
12	4.83E-6	8.031E9	5.662E27
13	6.081E-6	1.011E10	7.702E27
14	7.93E-6	1.319E10	1.048E28
15	9.982E-6	1.661E10	1.425E28
16	1.257E-5	2.091E10	1.938E28
17	1.522E-5	2.533E10	2.503E28
18	1.991E-5	3.315E10	3.404E28
19	2.507E-5	4.174E10	4.628E28
44	2.791E-5	4.652E10	5.367E28
45	3.807E-5	6.347E10	7.913E28
46	5.063E-5	8.444E10	1.127E29
47	6.592E-5	1.1E11	1.561E29
48	8.433E-5	1.408E11	2.109E29
49	1.062E-4	1.774E11	2.79E29
50	1.321E-4	2.207E11	3.625E29
51	1.624E-4	2.714E11	4.635E29
52	1.69E-4	2.825E11	4.859E29
53	1.759E-4	2.94E11	5.093E29
54	1.83E-4	3.058E11	5.334E29
55	1.902E-4	3.18E11	5.584E29
56	1.977E-4	3.305E11	5.843E29
57	2.054E-4	3.434E11	6.109E29
58	2.079E-4	3.476E11	6.197E29
59	2.082E-4	3.481E11	6.208E29
60	2.091E-4	3.495E11	6.215E29
61	2.16E-4	3.612E11	6.357E29
62	2.231E-4	3.73E11	6.468E29
63	2.311E-4	3.865E11	6.581E29
64	2.401E-4	4.016E11	6.7E29
65	2.5E-4	4.18E11	6.823E29
1	2.643E-4	4.42E11	6.995E29
2	3.053E-4	5.108E11	7.468E29
3	3.533E-4	5.912E11	8.015E29
4	4.076E-4	6.822E11	8.644E29
5	4.68E-4	7.834E11	9.367E29
6	5.341E-4	8.943E11	1.019E30
300	7.08386E-4	1.18646E12	1.11047E30
301	7.72147E-4	1.29313E12	1.16995E30
302	8.62641E-4	1.44476E12	1.30747E30
303	9.6374E-4	1.61417E12	1.45912E30
304	0.00115	1.91799E12	1.76496E30
305	0.00134	2.25134E12	2.1144E30
306	0.00158	2.64304E12	2.57384E30
307	0.00176	2.95347E12	2.95842E30
308	0.00217	3.64227E12	3.84401E30
309	0.00258	4.32826E12	4.83724E30
310	0.00318	5.33795E12	6.39456E30
311	0.0036	6.03879E12	7.53559E30
312	0.00466	7.82313E12	1.07303E31
313	0.00547	9.18311E12	1.35123E31
314	0.00708	1.18969E13	1.92365E31
315	0.00895	1.50369E13	2.62781E31
316	0.01174	1.9724E13	3.77103E31
317	0.01501	2.52538E13	5.23673E31
318	0.01851	3.11553E13	6.8645E31
319	0.02339	3.93934E13	9.29778E31
320	0.02919	4.91909E13	1.24947E32
321	0.03643	6.14445E13	1.70779E32
322	0.04276	7.21525E13	2.13187E32
323	0.05271	8.90197E13	2.86519E32
324	0.05889	9.94896E13	3.51191E32
10000	0.06579	1.11191E14	4.54453E32
10001	0.07565	1.1984E14	4.54453E32
1	0.1	1.694E14	9.915E32
2	0.15	2.55E14	2.983E33
3	0.2	3.417E14	6.959E33
4	0.25	4.298E14	1.367E34
5	0.3	5.198E14	2.376E34
6	0.35	6.12E14	3.783E34
7	0.4	7.068E14	5.645E34
8	0.45	8.046E14	8.016E34
9	0.5	9.056E14	1.095E35
10	0.55	1.01E15	1.449E35
11	0.6	1.119E15	1.869E35
12	0.65	1.231E15	2.36E35
13	0.7	1.349E15	2.925E35
14	0.75	1.471E15	3.57E35
15	0.8	1.598E15	4.298E35
16	0.85	1.73E15	5.113E35
17	0.9	1.868E15	6.018E35
18	0.95	2.012E15	7.018E35
19	1	2.162E15	8.114E35
20	1.05	2.319E15	9.31E35
21	1.1	2.482E15	1.061E36
22	1.15	2.652E15	1.201E36
23	1.2	2.829E15	1.352E36
24	1.25	3.013E15	1.514E36
25	1.3	3.205E15	1.688E36
26	1.35	3.404E15	1.872E36
27	1.4	3.611E15	2.068E36
28	1.45	3.826E15	2.275E36
29	1.5	4.05E15	2.495E36
30	1.55	4.282E15	2.726E36
1480	1.557	4.315E15	2.759E36
1490	1.567	4.362E15	2.807E36
1500	1.577	4.41E15	2.856E36
1510	1.587	4.458E15	2.905E36
1520	1.597	4.507E15	2.954E36
1530	1.607	4.556E15	3.004E36
1540	1.617	4.605E15	3.054E36
1550	1.627	4.655E15	3.105E36
1560	1.637	4.705E15	3.157E36
1570	1.647	4.756E15	3.209E36
1580	1.657	4.806E15	3.261E36
1590	1.667	4.857E15	3.314E36
1600	1.677	4.909E15	3.367E36
1610	1.687	4.961E15	3.421E36
1620	1.697	5.013E15	3.475E36
1630	1.707	5.065E15	3.53E36
1640	1.717	5.118E15	3.586E36
1650	1.727	5.171E15	3.642E36
1660	1.737	5.225E15	3.698E36
1670	1.747	5.279E15	3.755E36
1680	1.757	5.333E15	3.812E36
1690	1.767	5.388E15	3.87E36
1700	1.777	5.443E15	3.928E36
1710	1.787	5.498E15	3.987E36
1720	1.797	5.554E15	4.047E36
1730	1.807	5.61E15	4.107E36
1740	1.817	5.667E15	4.167E36
1750	1.827	5.724E15	4.228E36
1760	1.837	5.781E15	4.29E36
1770	1.847	5.838E15	4.351E36
1780	1.857	5.896E15	4.414E36
1790	1.867	5.955E15	4.477E36
1800	1.877	6.014E15	4.541E36
1810	1.887	6.073E15	4.605E36
1820	1.897	6.132E15	4.669E36
1830	1.907	6.192E15	4.734E36
1840	1.917	6.253E15	4.8E36
1850	1.927	6.313E15	4.866E36
1860	1.937	6.374E15	4.933E36
1870	1.947	6.436E15	5E36
1880	1.957	6.498E15	5.068E36
1890	1.967	6.56E15	5.136E36
1900	1.977	6.622E15	5.205E36
1910	1.987	6.685E15	5.274E36
1920	1.997	6.749E15	5.344E36